(id, #occurrences)
(20300, 393062),    nicht vorhanden
(20312, 393058),    nicht vorhanden
(20301, 393054),    nicht vorhanden
(20313, 393051),    nicht vorhanden
(2048, 196528),     done
(2064, 196525),     done
(20330, 88426),     nicht vorhanden
(20491, 49149),     nicht vorhanden
(2184, 49135),      nicht vorhanden
(2208, 49132),      nicht vorhanden
(1001, 49132),      done
(1000, 49131),      done
(20350, 49126),     done             #extend from MagGroup
(52704, 49125),     nicht vorhanden
(20340, 49124),     nicht vorhanden
(2256, 49124),      done             #extend from MagGroup
(20341, 49124),     nicht vorhanden
(20351, 49124),     done             #extend from MagGroup
(2257, 49124),      done             #extend from MagGroup
(1700, 49124),      done
(1710, 49123),      done
(2144, 49122),      nicht vorhanden
(2088, 49093),      nicht vorhanden
(2089, 49093),      nicht vorhanden
(1712, 48987),      done
(1711, 48986),      done
(20005, 48986),     nicht vorhanden
(20490, 48986),     nicht vorhanden
(1304, 39517),      nicht vorhanden
(1305, 39517),      nicht vorhanden
(1307, 39517),      done
(1306, 39517),      done
(10090, 24535),     done
(10084, 19655),     nicht vorhanden
(10086, 19653),     nicht vorhanden
(10087, 19653),     nicht vorhanden
(10088, 19653),     nicht vorhanden
(10089, 19653),     nicht vorhanden
(10085, 19652),     nicht vorhanden
(45, 19618),        nicht vorhanden
(16, 19574),        done
(106, 19564),       nicht vorhanden
(12, 14741),        done
(199, 9826),        nicht vorhanden
(1015, 9825),       nicht vorhanden
(52703, 9823),      nicht vorhanden
(52702, 9821),      nicht vorhanden
(29, 9799),         done
(101, 9799),        done
(100, 9793),        done                #TODO maybe double?
(111, 9751),        nicht vorhanden
(81, 9063),         nicht vorhanden
(1121, 7905),       done
(1200, 7905),       nicht vorhanden
(1201, 7905),       nicht vorhanden
(1202, 7905),       done
(1203, 7905),       nicht vorhanden
(1300, 7905),       nicht vorhanden
(1301, 7905),       nicht vorhanden
(1302, 7905),       nicht vorhanden
(10100, 4914),      done
(1002, 4914),       nicht vorhanden
(20501, 4914),      nicht vorhanden
(20510, 4914),      nicht vorhanden
(1014, 4914),       done
(2112, 4913),       nicht vorhanden
(20011, 4913),      nicht vorhanden
(2096, 4913),       done
(1004, 2721),       nicht vorhanden
(65533, 2385),      done
(65535, 1248),      done
(2351, 988),        nicht vorhanden
(2347, 985),        nicht vorhanden
(2348, 985),        nicht vorhanden
(2349, 985),        nicht vorhanden
(1405, 984),        nicht vorhanden
(112, 983),         nicht vorhanden
(2350, 983),        nicht vorhanden
(20557, 982),       nicht vorhanden
(2346, 981),        nicht vorhanden
(13, 978),          done            #TODO maybe a different length?
(6, 769),           done
(32768, 739),       done
(2276, 95),         nicht vorhanden
(2275, 94),         nicht vorhanden
(65532, 79),        done
(1800, 12)  ,       nicht vorhanden
(65280, 8)          done



((id, pktlen), #occurrences)
[((20300, 10), 393062), 
((20312, 10), 393058), 
((20301, 10), 393054), 
((20313, 10), 393051), 
((2048, 122), 196528), 
((2064, 66), 196525), 
((20330, 10), 88426), 
((20491, 104), 49149), 
((2184, 7), 49135), 
((2208, 42), 49132), 
((1001, 10), 49132), 
((1000, 39), 49131), 
((20350, 8), 49126), 
((52704, 86), 49125), 
((20340, 10), 49124), 
((2256, 14), 49124), 
((20341, 10), 49124), 
((20351, 8), 49124), 
((2257, 14), 49124),
((1700, 20), 49124),
((1710, 46), 49123),
((2144, 22), 49122),
((2088, 26), 49093),
((2089, 26), 49093),
((1712, 12), 48987),
((1711, 21), 48986),
((20005, 7), 48986),
((20490, 69), 48986),
((1304, 36), 39517),
((1305, 26), 39517),
((1307, 18), 39517),
((1306, 22), 39517),
((10090, 187), 24535),
((10084, 4), 19655),
((10086, 6), 19653),
((10087, 106), 19653),
((10088, 70), 19653),
((10089, 6), 19653),
((10085, 82), 19652),
((45, 40), 19618),
((16, 6), 19574),
((106, 52), 19564),
((12, 57), 14741),
((199, 14), 9826),
((1015, 62), 9825),
((52703, 226), 9823),
((52702, 58), 9821),
((29, 82), 9799),
((101, 34), 9799),
((100, 29), 9793),
((111, 18), 9751),
((81, 24), 9063),
((1121, 17), 7905),
((1200, 30), 7905),
((1201, 7), 7905),
((1202, 57), 7905),
((1203, 9), 7905),
((1300, 104), 7905),
((1301, 11), 7905),
((1302, 145), 7905),
((10100, 31), 4914),
((1002, 27), 4914),
((20501, 21), 4914),
((20510, 38), 4914),
((1014, 42), 4914),
((2112, 67), 4913),
((20011, 22), 4913),
((2096, 74), 4913),
((1004, 49), 2721),
((2351, 22), 988),
((2347, 22), 985),
((2348, 22), 985),
((2349, 22), 985),
((1405, 58), 984),
((112, 37), 983),
((2350, 22), 983),
((20557, 15), 982),
((2346, 22), 981),
((13, 71), 978),
((6, 56), 769),
((        65533, 24), 224),
((        65533, 25), 207),
((        65533, 19), 200),
((        65533, 21), 192),
((        65533, 22), 173),
((        65533, 18), 172),
((        65533, 23), 163),
((        65533, 26), 161),
((        65533, 20), 141),
((        65533, 17), 129),
((2276, 34), 95),
((2275, 34), 94),
((        65533, 16), 74),
((        65535, 53), 69),
((        65535, 60), 65),
((        32768, 50), 63),
((        65533, 27), 61),
((        65535, 61), 57),
((        65533, 28), 51),
((        32768, 47), 49),
((        65535, 59), 48),
((        65535, 63), 47),
((        65535, 58), 47),
((        65535, 57), 45),
((        65533, 29), 44),
((        65535, 28), 44),
((        65535, 55), 44),
((        65535, 54), 43),
((        65535, 52), 42),
((        32768, 51), 39),
((        32768, 48), 37),
((        65535, 64), 36),
((        65535, 40), 35),
((        65535, 56), 34),
((        65533, 42), 33),
((        65535, 62), 32),
((        32768, 73), 31),
((        65535, 66), 31),
((        65535, 50), 30),
((        32768, 49), 29),
((        65533, 15), 29),
((        65535, 71), 29),
((        32768, 40), 26),
((        65535, 67), 26),
((        65535, 37), 25),
((        65535, 49), 25),
((        32768, 53), 24),
((        32768, 42), 24),
((        65535, 65), 24),
((        65535, 36), 23),
((        65532, 18), 23),
((        65533, 44), 22),
((        65533, 33), 21),
((        65535, 80), 20),
((        32768, 52), 19),
((        65533, 40), 19),
((        65535, 51), 19),
((        65533, 38), 18),
((        65535, 29), 18),
((        65533, 31), 18),
((        65535, 78), 18),
((        32768, 55), 17),
((        65535, 75), 17),
((        65533, 30), 17),
((        65535, 48), 17),
((        32768, 70), 16),
((        32768, 64), 16),
((        32768, 72), 16),
((        65535, 42), 16),
((        65535, 68), 16),
((        32768, 69), 15),
((        65533, 39), 15),
((        32768, 75), 14),
((        32768, 81), 14),
((        32768, 63), 14),
((        65535, 47), 14),
((        32768, 45), 13),
((        32768, 77), 13),
((        32768, 43), 13),
((        32768, 44), 13),
((        65533, 46), 13),
((        65535, 30), 13),
((        65533, 43), 13),
((        65535, 79), 13),
((        65533, 41), 13),
((        65533, 32), 13),
((        32768, 54), 12),
((        32768, 38), 12),
((        65535, 38), 12),
((        65535, 45), 12),
((1800, 10), 12),
((        32768, 36), 11),
((        32768, 33), 11),
((        32768, 58), 11),
((        65533, 45), 11),
((        65535, 27), 11),
((        65535, 41), 11),
((        65533, 34), 11),
((        65533, 49), 11),
((        32768, 37), 10),
((        65533, 48), 10),
((        65535, 77), 10),
((        65533, 53), 10),
((        65532, 19), 10),
((        32768, 60), 9),
((        32768, 97), 9),
((        32768, 41), 9),
((        32768, 32), 9),
((        65533, 50), 9),
((        65535, 44), 9),
((        65535, 69), 9),
((        65535, 70), 9),
((        65535, 73), 9),
((        65533, 14), 9),
((        65533, 35), 9),
((        65532, 23), 9),
((        65532, 22), 9),
((        32768, 31), 8),
((        32768, 87), 8),
((        32768, 62), 8),
((        65533, 47), 8),
((        65533, 37), 8),
((        65535, 39), 8),
((        65533, 61), 8),
((        32768, 39), 7),
((        32768, 83), 7),
((        32768, 89), 7),
((        65535, 82), 7),
((        65535, 72), 7),
((        32768, 56), 6),
((        32768, 46), 6),
((        32768, 78), 6),
((        65535, 43), 6),
((        65535, 35), 6),
((        65533, 54), 6),
((        65535, 76), 6),
((        65532, 21), 6),
((        65532, 24), 6),
((        32768, 34), 5),
((        32768, 84), 5),
((        32768, 74), 5),
((        32768, 35), 5),
((        32768, 59), 5),
((        65535, 74), 5),
((        65535, 34), 5),
((        65535, 46), 5),
((        65533, 52), 5),
((        65532, 20), 5),
((        65532, 17), 5),
((        32768, 67), 4),
((        32768, 71), 4),
((        65533, 36), 4),
((        65535, 32), 4),
((        65533, 55), 4),
((        32768, 88), 3),
((        32768, 79), 3),
((        32768, 96), 3),
((        32768, 66), 3),
((        65535, 81), 3),
((        65533, 51), 3),
((        65535, 84), 3),
((        65533, 56), 3),
((        65533, 60), 3),
((        65535, 83), 3),
((        32768, 91), 2),
((        32768, 90), 2),
((        65280, 44), 2),
((        32768, 57), 2),
((        32768, 86), 2),
((        32768, 95), 2),
((        65535, 33), 2),
((        65535, 31), 2),
((        65533, 59), 2),
((        65533, 64), 2),
((        65532, 27), 2),
((        65280, 60), 1),
((        32768, 68), 1),
((        65280, 53), 1),
((        65280, 56), 1),
((        32768, 85), 1),
((        65280, 57), 1),
((        32768, 30), 1),
((        65280, 84), 1),
((        65535, 87), 1),
((        65535, 85), 1),
((        65533, 196), 1),
((        65533, 121), 1),
((        65533, 195), 1),
((        65533, 89), 1),
((        65533, 65), 1),
((        65533, 57), 1),
((        65533, 63), 1),
((        65533, 91), 1),
((        65533, 92), 1),
((        65533, 160), 1),
((        65533, 161), 1),
((        65533, 157), 1),
((        65533, 158), 1),
((        65532, 43), 1),
((        65532, 26), 1),
((        65532, 28), 1),
((        65532, 25), 1),
((        65280, 59), 1)]
